  - 1 2 9
  - 1 3 4 5 7 4 5 7 4 5 6 8 3 4 5 6 9
  - 1 3 4 5 7 4 5 7 4 5 6 9
  - 1 3 4 5 7 4 5 6 8 3 4 5 7 4 5 7 4 5 6 8 3 4 5 6 9
  - 1 3 4 5 7 4 5 6 8 3 4 5 7 4 5 7 4 5 6 9
  - 1 3 4 5 7 4 5 6 8 3 4 5 7 4 5 6 8 3 4 5 7 4 5 7 4 5 6 9
  - 1 3 4 5 7 4 5 6 8 3 4 5 7 4 5 6 8 3 4 5 7 4 5 6 9
  - 1 3 4 5 7 4 5 6 8 3 4 5 7 4 5 6 8 3 4 5 6 9
  - 1 3 4 5 7 4 5 6 8 3 4 5 7 4 5 6 9
  - 1 3 4 5 7 4 5 6 8 3 4 5 6 9
  - 1 3 4 5 7 4 5 6 9
  - 1 3 4 5 6 8 3 4 5 7 4 5 7 4 5 6 8 3 4 5 6 9
  - 1 3 4 5 6 8 3 4 5 7 4 5 7 4 5 6 9
  - 1 3 4 5 6 8 3 4 5 7 4 5 6 8 3 4 5 7 4 5 7 4 5 6 9
  - 1 3 4 5 6 8 3 4 5 7 4 5 6 8 3 4 5 7 4 5 6 9
  - 1 3 4 5 6 8 3 4 5 7 4 5 6 8 3 4 5 6 9
  - 1 3 4 5 6 8 3 4 5 7 4 5 6 9
  - 1 3 4 5 6 8 3 4 5 6 9
  - 1 3 4 5 6 9
